1777678981038 0.0001 0
1777678982957 0.0001 1
1777678984748 0.0001 2
1777678986134 0.0001 3
1777678987595 0.0001 4
1777678989106 0.0001 5
1777678990430 0.0001 6
1777678992044 0.0001 7
1777678993563 0.0001 8
1777678994949 0.0001 9
1777678996473 0.0001 10
1777678998104 0.0001 11
1777678999395 0.0001 12
1777679001560 0.0001 13
1777679003333 0.0001 14
1777679004689 0.0001 15
1777679005963 0.0001 16
1777679007225 0.0001 17
1777679009206 0.0001 18
1777679010454 0.0001 19
1777679011691 0.0001 20
1777679014111 0.0001 21
1777679016133 0.0001 22
1777679017749 0.0001 23
1777679019119 0.0001 24
1777679020952 0.0001 25
1777679022199 0.0001 26
1777679023400 0.0001 27
1777679024690 5e-05 28
1777679025960 5e-05 29
1777679027386 5e-05 30
1777679028823 5e-05 31
1777679030066 5e-05 32
1777679031258 5e-05 33
1777679032534 2.5e-05 34
1777679033718 2.5e-05 35
1777679035249 2.5e-05 36
1777679036651 2.5e-05 37
1777679037839 2.5e-05 38
1777679039127 2.5e-05 39
1777679040875 1.25e-05 40
1777679042121 1.25e-05 41
1777679043602 1.25e-05 42
1777678981038 0.0001 0
