1777677099636 1.25e-05 0
1777677100986 1.25e-05 1
1777677102061 1.25e-05 2
1777677103463 6.25e-06 3
1777677104587 6.25e-06 4
1777677107140 6.25e-06 5
1777677109128 6.25e-06 6
1777677110622 6.25e-06 7
1777677111676 6.25e-06 8
1777677112857 3.125e-06 9
1777677113997 3.125e-06 10
1777677115127 3.125e-06 11
1777677116194 3.125e-06 12
1777677117326 3.125e-06 13
1777677118517 3.125e-06 14
1777677120443 1.5625e-06 15
1777677121677 1.5625e-06 16
1777677123140 1.5625e-06 17
1777677124439 1.5625e-06 18
1777677126062 1.5625e-06 19
1777677127743 1.5625e-06 20
1777677128838 7.8125e-07 21
1777677130166 7.8125e-07 22
1777677131259 7.8125e-07 23
1777677132750 7.8125e-07 24
1777677134103 7.8125e-07 25
1777677135236 7.8125e-07 26
1777677136388 3.90625e-07 27
1777677137555 3.90625e-07 28
1777677138602 3.90625e-07 29
1777677139814 3.90625e-07 30
1777677140903 3.90625e-07 31
1777677142233 3.90625e-07 32
1777677143267 1.953125e-07 33
1777677144413 1.953125e-07 34
1777677145689 1.953125e-07 35
1777677147164 1.953125e-07 36
1777677148302 1.953125e-07 37
1777677149487 1.953125e-07 38
1777677150786 9.765625e-08 39
1777677151960 9.765625e-08 40
1777677153050 9.765625e-08 41
1777677154241 9.765625e-08 42
1777677155288 9.765625e-08 43
1777677157015 9.765625e-08 44
1777677099636 1.25e-05 0
