1777677234098 0.0001 0
1777677235440 0.0001 1
1777677236528 0.0001 2
1777677237809 0.0001 3
1777677238943 0.0001 4
1777677240168 0.0001 5
1777677241293 0.0001 6
1777677242530 0.0001 7
1777677243654 0.0001 8
1777677244861 0.0001 9
1777677246035 0.0001 10
1777677247798 0.0001 11
1777677249806 0.0001 12
1777677251264 0.0001 13
1777677252412 0.0001 14
1777677254062 0.0001 15
1777677255320 0.0001 16
1777677257242 0.0001 17
1777677258714 0.0001 18
1777677260021 0.0001 19
1777677261267 0.0001 20
1777677262405 0.0001 21
1777677263745 0.0001 22
1777677264788 0.0001 23
1777677265926 0.0001 24
1777677266969 0.0001 25
1777677268310 0.0001 26
1777677269470 0.0001 27
1777677270752 5e-05 28
1777677271788 5e-05 29
1777677273061 5e-05 30
1777677274206 5e-05 31
1777677275462 5e-05 32
1777677276551 5e-05 33
1777677277852 2.5e-05 34
1777677278932 2.5e-05 35
1777677280519 2.5e-05 36
1777677281603 2.5e-05 37
1777677282782 2.5e-05 38
1777677283909 2.5e-05 39
1777677285186 1.25e-05 40
1777677286244 1.25e-05 41
1777677287404 1.25e-05 42
