1777677722598 0.0001 0
1777677723708 0.0001 1
1777677725205 0.0001 2
1777677726348 0.0001 3
1777677728005 0.0001 4
1777677730214 0.0001 5
1777677732127 0.0001 6
1777677733978 0.0001 7
1777677735435 0.0001 8
1777677737169 0.0001 9
1777677739314 0.0001 10
1777677740513 0.0001 11
1777677741770 0.0001 12
1777677742816 0.0001 13
1777677744088 0.0001 14
1777677745127 0.0001 15
1777677746381 0.0001 16
1777677747877 0.0001 17
1777677749550 0.0001 18
1777677750671 0.0001 19
1777677751761 0.0001 20
1777677753167 0.0001 21
1777677754206 0.0001 22
1777677755383 0.0001 23
1777677756438 0.0001 24
1777677757594 0.0001 25
1777677758975 0.0001 26
1777677760824 0.0001 27
1777677761931 5e-05 28
1777677763201 5e-05 29
1777677764578 5e-05 30
1777677766084 5e-05 31
1777677767365 5e-05 32
1777677768442 5e-05 33
1777677769869 2.5e-05 34
1777677770968 2.5e-05 35
1777677772201 2.5e-05 36
1777677773200 2.5e-05 37
1777677774380 2.5e-05 38
1777677775391 2.5e-05 39
1777677776544 1.25e-05 40
1777677777572 1.25e-05 41
1777677778609 1.25e-05 42
1777677722598 0.0001 0
