1777764233066 0.0001 0
1777764234100 0.0001 1
1777764235621 0.0001 2
1777764236567 0.0001 3
1777764237866 0.0001 4
1777764239733 0.0001 5
1777764241975 0.0001 6
1777764243311 0.0001 7
1777764244675 0.0001 8
1777764245659 0.0001 9
1777764246949 0.0001 10
1777764247854 0.0001 11
1777764248977 0.0001 12
1777764249839 0.0001 13
1777764250930 0.0001 14
1777764252010 0.0001 15
1777764253529 0.0001 16
1777764254614 0.0001 17
1777764255871 0.0001 18
1777764256767 0.0001 19
1777764257883 0.0001 20
1777764258754 0.0001 21
1777764259651 0.0001 22
1777764260789 0.0001 23
1777764261653 0.0001 24
1777764262659 0.0001 25
1777764263467 0.0001 26
1777764264135 0.0001 27
1777764265224 5e-05 28
1777764265946 5e-05 29
1777764266715 5e-05 30
1777764267575 5e-05 31
1777764268224 5e-05 32
1777764268919 5e-05 33
1777764269831 2.5e-05 34
1777764270540 2.5e-05 35
1777764271269 2.5e-05 36
1777764272151 2.5e-05 37
1777764272823 2.5e-05 38
1777764273584 2.5e-05 39
1777764274477 1.25e-05 40
1777764275169 1.25e-05 41
1777764275986 1.25e-05 42
1777764233066 0.0001 0
