1777764276355 1.0 0
1777764276371 1.0 1
1777764276380 1.0 2
1777764276388 1.0 3
1777764276398 1.0 4
1777764276409 0.9914323450125915 5
1777764276414 0.9914323450125915 6
1777764276423 0.9914323450125915 7
1777764276435 0.9914323450125915 8
1777764276443 0.9914323450125915 9
1777764276449 0.987382195770629 10
1777764276456 0.9813353089891793 11
1777764276464 0.9774683240710776 12
1777764276474 0.9737721830066218 13
1777764276482 0.9708275906252721 14
1777764276488 0.9664981773917729 15
1777764276494 0.9613326149130257 16
1777764276501 0.9613326149130257 17
1777764276507 0.9613326149130257 18
1777764276513 0.9555929185222664 19
1777764276522 0.94375869619856 20
1777764276528 0.94375869619856 21
1777764276537 0.9406227258465395 22
1777764276543 0.9377988740732953 23
1777764276549 0.933807863088364 24
1777764276555 0.933807863088364 25
1777764276565 0.9278661109860812 26
1777764276573 0.918771139873477 27
1777764276578 0.918771139873477 28
1777764276583 0.918771139873477 29
1777764276591 0.918771139873477 30
1777764276597 0.918771139873477 31
1777764276604 0.9151398866188194 32
1777764276610 0.9151398866188194 33
1777764276616 0.9151398866188194 34
1777764276622 0.9109583190278985 35
1777764276630 0.8958550652738512 36
1777764276635 0.8958550652738512 37
1777764276643 0.8958550652738512 38
1777764276648 0.8911256474407098 39
1777764276654 0.8847091465528145 40
1777764276661 0.8720239904196023 41
1777764276669 0.8628435973801752 42
1777764276674 0.8576271102912066 43
1777764276681 0.8542513014523371 44
1777764276686 0.8509067044713451 45
1777764276693 0.8473017348864792 46
1777764276699 0.8473017348864792 47
1777764276704 0.8373106549069147 48
1777764276710 0.8327471527393333 49
1777764276719 0.8223774236418324 50
1777764276725 0.8200077865371758 51
1777764276730 0.8059903768913975 52
1777764276740 0.7973159444954603 53
1777764276745 0.7923343677052549 54
1777764276752 0.7828213219700267 55
1777764276761 0.7687390245144503 56
1777764276768 0.7607142915811763 57
1777764276776 0.7509901551229337 58
1777764276782 0.738507876065926 59
1777764276789 0.7194711068546168 60
1777764276795 0.7020548901589012 61
1777764276800 0.697056886075076 62
1777764276812 0.6916933747082102 63
1777764276817 0.6879142758109744 64
1777764276824 0.6752775801939406 65
1777764276829 0.6525233144364699 66
1777764276835 0.6462365891681712 67
1777764276844 0.6323234928368786 68
1777764276850 0.6143931018508632 69
1777764276859 0.6082525794957806 70
1777764276864 0.5964963868167683 71
1777764276869 0.587079440749216 72
1777764276876 0.5519554228960333 73
1777764276882 0.5306032266490128 74
1777764276889 0.5090005141742903 75
1777764276895 0.4632776064776104 76
1777764276900 0.4382654092120977 77
1777764276907 0.4265921743658654 78
1777764276913 0.39571050508999694 79
1777764276918 0.36698656083108966 80
1777764276925 0.3437649385701355 81
1777764276933 0.31020069224615315 82
1777764276939 0.294670328857991 83
1777764276944 0.2707858652994778 84
1777764276949 0.24330875262631357 85
1777764276957 0.22130685691662985 86
1777764276962 0.18727525408916407 87
1777764276969 0.13583236275406863 88
1777764276978 0.10407101190485969 89
1777764276983 0.08020461836932827 90
1777764276992 0.04527197848681627 91
1777764276997 0.03278066441831775 92
1777764277003 0.01173812265603054 93
1777764277009 0.008058408885194573 94
1777764277020 0.005578708913285245 95
1777764277026 0.0021174781475926624 96
1777764277034 0.0 97
1777764277041 0.0 98
1777764277046 0.0 99
1777764277055 0.0 100
1777764276355 1.0 0
