1777764276355 0.6435643564356436 0
1777764276371 0.6441189142610944 1
1777764276380 0.6594618438464932 2
1777764276388 0.6710053859964094 3
1777764276398 0.678928247048138 4
1777764276409 0.6865464632454924 5
1777764276414 0.6965290806754222 6
1777764276423 0.7105263157894737 7
1777764276435 0.720873786407767 8
1777764276443 0.7279411764705882 9
1777764276449 0.7326732673267327 10
1777764276456 0.7335329341317365 11
1777764276464 0.7361809045226131 12
1777764276474 0.7370015143866734 13
1777764276482 0.739329268292683 14
1777764276488 0.7394186639469659 15
1777764276494 0.7436953165208441 16
1777764276501 0.7471561530506722 17
1777764276507 0.7506493506493507 18
1777764276513 0.748565466875326 19
1777764276522 0.7457983193277311 20
1777764276528 0.7485503426462836 21
1777764276537 0.749073583906829 22
1777764276543 0.75 23
1777764276549 0.7509353287012293 24
1777764276555 0.7541599570585078 25
1777764276565 0.7516163793103449 26
1777764276573 0.7490535424553812 27
1777764276578 0.7523085279739272 28
1777764276583 0.7543572984749455 29
1777764276591 0.7543572984749455 30
1777764276597 0.7576586433260394 31
1777764276604 0.7607497243660419 32
1777764276610 0.7632743362831859 33
1777764276616 0.7641196013289037 34
1777764276622 0.7647385984427141 35
1777764276630 0.761478163493841 36
1777764276635 0.7644744238336144 37
1777764276643 0.7666290868094702 38
1777764276648 0.7677053824362606 39
1777764276654 0.765509391007399 40
1777764276661 0.76 41
1777764276669 0.7561817136285222 42
1777764276674 0.7525951557093425 43
1777764276681 0.7562536358347877 44
1777764276686 0.7559836544074723 45
1777764276693 0.7552693208430913 46
1777764276699 0.7574867880211391 47
1777764276704 0.7539917208752218 48
1777764276710 0.7550535077288941 49
1777764276719 0.7523980815347722 50
1777764276725 0.7530120481927711 51
1777764276730 0.7459066100667071 52
1777764276740 0.7390510948905109 53
1777764276745 0.7379056950398041 54
1777764276752 0.7335788827501535 55
1777764276761 0.7257566399011736 56
1777764276768 0.7209446861404599 57
1777764276776 0.7174185463659147 58
1777764276782 0.7133838383838383 59
1777764276789 0.7033736473583705 60
1777764276795 0.6927517639512508 61
1777764276800 0.6907682375726275 62
1777764276812 0.6878650227125244 63
1777764276817 0.6890920966688439 64
1777764276824 0.684660961158657 65
1777764276829 0.6677740863787376 66
1777764276835 0.6646626586506346 67
1777764276844 0.6561238223418573 68
1777764276850 0.6406779661016949 69
1777764276859 0.6364874063989108 70
1777764276864 0.6292984869325997 71
1777764276869 0.6224066390041494 72
1777764276876 0.5944055944055944 73
1777764276882 0.57475317348378 74
1777764276889 0.5599144079885877 75
1777764276895 0.5191059841384282 76
1777764276900 0.4941860465116279 77
1777764276907 0.48280907095830283 78
1777764276913 0.45353982300884954 79
1777764276918 0.4206999255398362 80
1777764276925 0.3944402704733283 81
1777764276933 0.36363636363636365 82
1777764276939 0.3465346534653465 83
1777764276944 0.32542113323124044 84
1777764276949 0.2979876160990712 85
1777764276957 0.26953125 86
1777764276962 0.23264984227129337 87
1777764276969 0.1721377101681345 88
1777764276978 0.13349514563106796 89
1777764276983 0.10220768601798855 90
1777764276992 0.057755775577557754 91
1777764276997 0.04552980132450331 92
1777764277003 0.01665278934221482 93
1777764277009 0.012510425354462052 94
1777764277020 0.008347245409015025 95
1777764277026 0.004177109440267335 96
1777764277034 0.0 97
1777764277041 0.0 98
1777764277046 0.0 99
1777764277055 0.0 100
1777764276355 0.6435643564356436 0
