1777764276355 0.2653061224489796 0
1777764276371 0.2657777777777778 1
1777764276380 0.2791783380018674 2
1777764276388 0.28972868217054265 3
1777764276398 0.29721669980119286 4
1777764276409 0.30713547052740436 5
1777764276414 0.3173076923076923 6
1777764276423 0.33221476510067116 7
1777764276435 0.34375 8
1777764276443 0.3518957345971564 9
1777764276449 0.3592233009708738 10
1777764276456 0.36386138613861385 11
1777764276464 0.3690176322418136 12
1777764276474 0.3719745222929936 13
1777764276482 0.37694300518134716 14
1777764276488 0.3790849673202614 15
1777764276494 0.3868808567603748 16
1777764276501 0.3915989159891599 17
1777764276507 0.39643347050754457 18
1777764276513 0.39805825242718446 19
1777764276522 0.4011299435028249 20
1777764276528 0.4051355206847361 21
1777764276537 0.4083694083694084 22
1777764276543 0.41228070175438597 23
1777764276549 0.4162962962962963 24
1777764276555 0.42128935532233885 25
1777764276565 0.42272727272727273 26
1777764276573 0.4241960183767228 27
1777764276578 0.4294573643410853 28
1777764276583 0.4328125 29
1777764276591 0.4328125 30
1777764276597 0.43829113924050633 31
1777764276604 0.44660194174757284 32
1777764276610 0.45098039215686275 33
1777764276616 0.4524590163934426 34
1777764276622 0.4568106312292359 35
1777764276630 0.4610169491525424 36
1777764276635 0.4665523156089194 37
1777764276643 0.47058823529411764 38
1777764276648 0.47627416520210897 39
1777764276654 0.47950089126559714 40
1777764276661 0.48014440433212996 41
1777764276669 0.4843462246777164 42
1777764276674 0.4851301115241636 43
1777764276681 0.497131931166348 44
1777764276686 0.5009671179883946 45
1777764276693 0.50390625 46
1777764276699 0.5088757396449705 47
1777764276704 0.5151515151515151 48
1777764276710 0.522633744855967 49
1777764276719 0.5317796610169492 50
1777764276725 0.5387931034482759 51
1777764276730 0.543046357615894 52
1777764276740 0.5424107142857143 53
1777764276745 0.551487414187643 54
1777764276752 0.5519630484988453 55
1777764276761 0.5555555555555556 56
1777764276768 0.5617433414043583 57
1777764276776 0.5725 58
1777764276782 0.5824742268041238 59
1777764276789 0.5893333333333334 60
1777764276795 0.5950413223140496 61
1777764276800 0.6062322946175638 62
1777764276812 0.6144927536231884 63
1777764276817 0.6298507462686567 64
1777764276824 0.6439628482972136 65
1777764276829 0.6504854368932039 66
1777764276835 0.6611295681063123 67
1777764276844 0.6724137931034483 68
1777764276850 0.6774193548387096 69
1777764276859 0.684981684981685 70
1777764276864 0.7093023255813954 71
1777764276869 0.72 72
1777764276876 0.7264957264957265 73
1777764276882 0.7342342342342343 74
1777764276889 0.7621359223300971 75
1777764276895 0.7539267015706806 76
1777764276900 0.7555555555555555 77
1777764276907 0.7719298245614035 78
1777764276913 0.76875 79
1777764276918 0.7687074829931972 80
1777764276925 0.7777777777777778 81
1777764276933 0.7741935483870968 82
1777764276939 0.7777777777777778 83
1777764276944 0.7727272727272727 84
1777764276949 0.8020833333333334 85
1777764276957 0.8214285714285714 86
1777764276962 0.8194444444444444 87
1777764276969 0.8113207547169812 88
1777764276978 0.825 89
1777764276983 0.9259259259259259 90
1777764276992 0.875 91
1777764276997 0.9166666666666666 92
1777764277003 0.8 93
1777764277009 1.0 94
1777764277020 1.0 95
1777764277026 1.0 96
1777764277034 0.0 97
1777764277041 0.0 98
1777764277046 0.0 99
1777764277055 0.0 100
1777764276355 0.2653061224489796 0
