1777764276355 0.0 0
1777764276371 0.01 1
1777764276380 0.02 2
1777764276388 0.03 3
1777764276398 0.04 4
1777764276409 0.05 5
1777764276414 0.06 6
1777764276423 0.07 7
1777764276435 0.08 8
1777764276443 0.09 9
1777764276449 0.1 10
1777764276456 0.11 11
1777764276464 0.12 12
1777764276474 0.13 13
1777764276482 0.14 14
1777764276488 0.15 15
1777764276494 0.16 16
1777764276501 0.17 17
1777764276507 0.18 18
1777764276513 0.19 19
1777764276522 0.2 20
1777764276528 0.21 21
1777764276537 0.22 22
1777764276543 0.23 23
1777764276549 0.24 24
1777764276555 0.25 25
1777764276565 0.26 26
1777764276573 0.27 27
1777764276578 0.28 28
1777764276583 0.29 29
1777764276591 0.3 30
1777764276597 0.31 31
1777764276604 0.32 32
1777764276610 0.33 33
1777764276616 0.34 34
1777764276622 0.35000000000000003 35
1777764276630 0.36 36
1777764276635 0.37 37
1777764276643 0.38 38
1777764276648 0.39 39
1777764276654 0.4 40
1777764276661 0.41000000000000003 41
1777764276669 0.42 42
1777764276674 0.43 43
1777764276681 0.44 44
1777764276686 0.45 45
1777764276693 0.46 46
1777764276699 0.47000000000000003 47
1777764276704 0.48 48
1777764276710 0.49 49
1777764276719 0.5 50
1777764276725 0.51 51
1777764276730 0.52 52
1777764276740 0.53 53
1777764276745 0.54 54
1777764276752 0.55 55
1777764276761 0.56 56
1777764276768 0.5700000000000001 57
1777764276776 0.58 58
1777764276782 0.59 59
1777764276789 0.6 60
1777764276795 0.61 61
1777764276800 0.62 62
1777764276812 0.63 63
1777764276817 0.64 64
1777764276824 0.65 65
1777764276829 0.66 66
1777764276835 0.67 67
1777764276844 0.68 68
1777764276850 0.6900000000000001 69
1777764276859 0.7000000000000001 70
1777764276864 0.71 71
1777764276869 0.72 72
1777764276876 0.73 73
1777764276882 0.74 74
1777764276889 0.75 75
1777764276895 0.76 76
1777764276900 0.77 77
1777764276907 0.78 78
1777764276913 0.79 79
1777764276918 0.8 80
1777764276925 0.81 81
1777764276933 0.8200000000000001 82
1777764276939 0.8300000000000001 83
1777764276944 0.84 84
1777764276949 0.85 85
1777764276957 0.86 86
1777764276962 0.87 87
1777764276969 0.88 88
1777764276978 0.89 89
1777764276983 0.9 90
1777764276992 0.91 91
1777764276997 0.92 92
1777764277003 0.93 93
1777764277009 0.9400000000000001 94
1777764277020 0.9500000000000001 95
1777764277026 0.96 96
1777764277034 0.97 97
1777764277041 0.98 98
1777764277046 0.99 99
1777764277055 1.0 100
1777764276355 0.0 0
