1777764276355 1.0 0
1777764276371 1.0 1
1777764276380 1.0 2
1777764276388 1.0 3
1777764276398 1.0 4
1777764276409 0.9933110367892977 5
1777764276414 0.9933110367892977 6
1777764276423 0.9933110367892977 7
1777764276435 0.9933110367892977 8
1777764276443 0.9933110367892977 9
1777764276449 0.9899665551839465 10
1777764276456 0.9832775919732442 11
1777764276464 0.979933110367893 12
1777764276474 0.9765886287625418 13
1777764276482 0.9732441471571907 14
1777764276488 0.9698996655518395 15
1777764276494 0.9665551839464883 16
1777764276501 0.9665551839464883 17
1777764276507 0.9665551839464883 18
1777764276513 0.959866220735786 19
1777764276522 0.9498327759197325 20
1777764276528 0.9498327759197325 21
1777764276537 0.9464882943143813 22
1777764276543 0.9431438127090301 23
1777764276549 0.939799331103679 24
1777764276555 0.939799331103679 25
1777764276565 0.9331103678929766 26
1777764276573 0.9264214046822743 27
1777764276578 0.9264214046822743 28
1777764276583 0.9264214046822743 29
1777764276591 0.9264214046822743 30
1777764276597 0.9264214046822743 31
1777764276604 0.9230769230769231 32
1777764276610 0.9230769230769231 33
1777764276616 0.9230769230769231 34
1777764276622 0.919732441471572 35
1777764276630 0.9096989966555183 36
1777764276635 0.9096989966555183 37
1777764276643 0.9096989966555183 38
1777764276648 0.9063545150501672 39
1777764276654 0.8996655518394648 40
1777764276661 0.8896321070234113 41
1777764276669 0.8795986622073578 42
1777764276674 0.8729096989966555 43
1777764276681 0.8695652173913043 44
1777764276686 0.8662207357859532 45
1777764276693 0.862876254180602 46
1777764276699 0.862876254180602 47
1777764276704 0.8528428093645485 48
1777764276710 0.8494983277591973 49
1777764276719 0.8394648829431438 50
1777764276725 0.8361204013377926 51
1777764276730 0.822742474916388 52
1777764276740 0.8127090301003345 53
1777764276745 0.8060200668896321 54
1777764276752 0.7993311036789298 55
1777764276761 0.7859531772575251 56
1777764276768 0.7759197324414716 57
1777764276776 0.7658862876254181 58
1777764276782 0.7558528428093646 59
1777764276789 0.7391304347826086 60
1777764276795 0.7224080267558528 61
1777764276800 0.7157190635451505 62
1777764276812 0.7090301003344481 63
1777764276817 0.705685618729097 64
1777764276824 0.6956521739130435 65
1777764276829 0.6722408026755853 66
1777764276835 0.6655518394648829 67
1777764276844 0.6521739130434783 68
1777764276850 0.6321070234113713 69
1777764276859 0.6254180602006689 70
1777764276864 0.6120401337792643 71
1777764276869 0.6020066889632107 72
1777764276876 0.568561872909699 73
1777764276882 0.5451505016722408 74
1777764276889 0.5250836120401338 75
1777764276895 0.4816053511705686 76
1777764276900 0.45484949832775917 77
1777764276907 0.4414715719063545 78
1777764276913 0.411371237458194 79
1777764276918 0.3779264214046823 80
1777764276925 0.3511705685618729 81
1777764276933 0.3210702341137124 82
1777764276939 0.30434782608695654 83
1777764276944 0.2842809364548495 84
1777764276949 0.25752508361204013 85
1777764276957 0.23076923076923078 86
1777764276962 0.19732441471571907 87
1777764276969 0.14381270903010032 88
1777764276978 0.11036789297658862 89
1777764276983 0.08361204013377926 90
1777764276992 0.046822742474916385 91
1777764276997 0.03678929765886288 92
1777764277003 0.013377926421404682 93
1777764277009 0.010033444816053512 94
1777764277020 0.006688963210702341 95
1777764277026 0.0033444816053511705 96
1777764277034 0.0 97
1777764277041 0.0 98
1777764277046 0.0 99
1777764277055 0.0 100
1777764276355 1.0 0
