1777676735534 0.0001 0
1777676737179 0.0001 1
1777676738561 0.0001 2
1777676740394 0.0001 3
1777676742259 0.0001 4
1777676743718 0.0001 5
1777676745323 0.0001 6
1777676746785 0.0001 7
1777676747927 0.0001 8
1777676749149 0.0001 9
1777676750270 0.0001 10
1777676751479 0.0001 11
1777676752546 0.0001 12
1777676753643 0.0001 13
1777676754798 0.0001 14
1777676756196 0.0001 15
1777676757296 0.0001 16
1777676758426 0.0001 17
1777676760414 0.0001 18
1777676764754 0.0001 19
1777676766769 0.0001 20
1777676768610 0.0001 21
1777676769850 0.0001 22
1777676771172 0.0001 23
1777676772391 0.0001 24
1777676773500 0.0001 25
1777676774534 0.0001 26
1777676775884 0.0001 27
1777676777002 5e-05 28
1777676778266 5e-05 29
1777676779393 5e-05 30
1777676780565 5e-05 31
1777676781763 5e-05 32
1777676782930 5e-05 33
1777676784010 2.5e-05 34
1777676785402 2.5e-05 35
1777676786431 2.5e-05 36
1777676787829 2.5e-05 37
1777676789031 2.5e-05 38
1777676790263 2.5e-05 39
1777676791330 1.25e-05 40
1777676792563 1.25e-05 41
1777676793592 1.25e-05 42
