1777850760713 0.0001 0
1777850761703 0.0001 1
1777850762597 0.0001 2
1777850763302 0.0001 3
1777850764357 0.0001 4
1777850765200 0.0001 5
1777850766052 0.0001 6
1777850767017 0.0001 7
1777850767779 0.0001 8
1777850768517 0.0001 9
1777850769374 0.0001 10
1777850770075 0.0001 11
1777850770802 0.0001 12
1777850771742 0.0001 13
1777850772448 0.0001 14
1777850773142 0.0001 15
1777850773998 0.0001 16
1777850774737 0.0001 17
1777850775463 0.0001 18
1777850776339 0.0001 19
1777850777085 0.0001 20
1777850777874 0.0001 21
1777850778674 0.0001 22
1777850779370 0.0001 23
1777850780292 0.0001 24
1777850781102 0.0001 25
1777850781989 0.0001 26
1777850782831 0.0001 27
1777850783538 5e-05 28
1777850784349 5e-05 29
1777850785204 5e-05 30
1777850786482 5e-05 31
1777850788633 5e-05 32
1777850790060 5e-05 33
1777850791200 2.5e-05 34
1777850792727 2.5e-05 35
1777850793615 2.5e-05 36
1777850794528 2.5e-05 37
1777850795411 2.5e-05 38
1777850796801 2.5e-05 39
1777850797726 1.25e-05 40
1777850798754 1.25e-05 41
1777850799465 1.25e-05 42
1777850760713 0.0001 0
