1777765163963 0.0001 0
1777765167691 0.0001 1
1777765169405 0.0001 2
1777765170687 0.0001 3
1777765172422 0.0001 4
1777765173946 0.0001 5
1777765176601 0.0001 6
1777765178596 0.0001 7
1777765179948 0.0001 8
1777765182319 0.0001 9
1777765183463 0.0001 10
1777765185230 0.0001 11
1777765186871 0.0001 12
1777765188911 0.0001 13
1777765190530 0.0001 14
1777765191529 0.0001 15
1777765193758 0.0001 16
1777765196309 0.0001 17
1777765198113 0.0001 18
1777765200537 0.0001 19
1777765205066 0.0001 20
1777765208079 0.0001 21
1777765210394 0.0001 22
1777765216332 0.0001 23
1777765218066 0.0001 24
1777765221527 0.0001 25
1777765222975 0.0001 26
1777765230697 0.0001 27
1777765232280 5e-05 28
1777765233908 5e-05 29
1777765235332 5e-05 30
1777765241202 5e-05 31
1777765243250 5e-05 32
1777765246391 5e-05 33
1777765249874 2.5e-05 34
1777765254325 2.5e-05 35
1777765257037 2.5e-05 36
1777765260156 2.5e-05 37
1777765262954 2.5e-05 38
1777765265341 2.5e-05 39
1777765267462 1.25e-05 40
1777765268620 1.25e-05 41
1777765271125 1.25e-05 42
1777765163963 0.0001 0
