1777850503961 0.0001 0
1777850504832 0.0001 1
1777850505738 0.0001 2
1777850506786 0.0001 3
1777850507741 0.0001 4
1777850508790 0.0001 5
1777850509610 0.0001 6
1777850510327 0.0001 7
1777850511133 0.0001 8
1777850512430 0.0001 9
1777850513486 0.0001 10
1777850514300 0.0001 11
1777850514951 0.0001 12
1777850515589 0.0001 13
1777850516485 0.0001 14
1777850517159 0.0001 15
1777850518120 0.0001 16
1777850518830 0.0001 17
1777850519556 0.0001 18
1777850520365 0.0001 19
1777850521021 0.0001 20
1777850521969 0.0001 21
1777850523102 0.0001 22
1777850524107 0.0001 23
1777850525321 5e-05 24
1777850526239 5e-05 25
1777850526892 5e-05 26
1777850527616 5e-05 27
1777850528290 5e-05 28
1777850528912 5e-05 29
1777850529760 2.5e-05 30
1777850530423 2.5e-05 31
1777850530988 2.5e-05 32
1777850531753 2.5e-05 33
1777850532395 2.5e-05 34
1777850533242 2.5e-05 35
1777850533857 2.5e-05 36
1777850534497 2.5e-05 37
1777850535174 2.5e-05 38
1777850535745 2.5e-05 39
1777850536419 2.5e-05 40
1777850537098 1.25e-05 41
1777850537753 1.25e-05 42
1777850538444 1.25e-05 43
1777850539076 1.25e-05 44
1777850539901 1.25e-05 45
1777850540538 1.25e-05 46
1777850541262 6.25e-06 47
1777850542071 6.25e-06 48
1777850542870 6.25e-06 49
1777850543728 6.25e-06 50
1777850544428 6.25e-06 51
1777850545082 6.25e-06 52
1777850545774 3.125e-06 53
1777850546434 3.125e-06 54
1777850547046 3.125e-06 55
1777850503961 0.0001 0
