1777850503961 0.9254811162298376 0
1777850504832 0.8102784102613275 1
1777850505738 0.7799253283124982 2
1777850506786 0.7562593517429901 3
1777850507741 0.7467827275395393 4
1777850508790 0.7297407000353842 5
1777850509610 0.7247384068640795 6
1777850510327 0.7219957912510092 7
1777850511133 0.7232599662560405 8
1777850512430 0.706530197325981 9
1777850513486 0.6988698548891328 10
1777850514300 0.6905741779641672 11
1777850514951 0.6928631365299225 12
1777850515589 0.6896777746803833 13
1777850516485 0.6779717100840627 14
1777850517159 0.675880619522297 15
1777850518120 0.6846853365952318 16
1777850518830 0.6869091249325059 17
1777850519556 0.6892378404736519 18
1777850520365 0.6797540551333716 19
1777850521021 0.6790869369199781 20
1777850521969 0.6822876128734965 21
1777850523102 0.6745711948835489 22
1777850524107 0.6643034725478201 23
1777850525321 0.6751652558644613 24
1777850526239 0.6619600274346091 25
1777850526892 0.6748373756806055 26
1777850527616 0.6604435854788983 27
1777850528290 0.6632898578589613 28
1777850528912 0.663858490911397 29
1777850529760 0.6572176518313813 30
1777850530423 0.663290341920925 31
1777850530988 0.6625150060563376 32
1777850531753 0.6588083494341734 33
1777850532395 0.669120607728308 34
1777850533242 0.6652543224168547 35
1777850533857 0.654455996372483 36
1777850534497 0.6483357444857106 37
1777850535174 0.6488133942087492 38
1777850535745 0.6503031508940639 39
1777850536419 0.6522891313740702 40
1777850537098 0.6480353490421267 41
1777850537753 0.6487926526954679 42
1777850538444 0.656942420836651 43
1777850539076 0.6583026464689862 44
1777850539901 0.6492901728911833 45
1777850540538 0.6569531643480966 46
1777850541262 0.6504331303365303 47
1777850542071 0.6514729868733522 48
1777850542870 0.6568820431376948 49
1777850543728 0.641520926898176 50
1777850544428 0.6514434897989938 51
1777850545082 0.6497645673878265 52
1777850545774 0.6640806046850753 53
1777850546434 0.6506101550026373 54
1777850547046 0.6502618943199967 55
1777850503961 0.9254811162298376 0
