1777764437726 0.0001 0
1777764439424 0.0001 1
1777764440724 0.0001 2
1777764441846 0.0001 3
1777764442649 0.0001 4
1777764443538 0.0001 5
1777764444726 0.0001 6
1777764445800 0.0001 7
1777764446692 0.0001 8
1777764447588 0.0001 9
1777764448438 0.0001 10
1777764449129 0.0001 11
1777764450090 0.0001 12
1777764450840 0.0001 13
1777764451645 0.0001 14
1777764452541 0.0001 15
1777764453285 0.0001 16
1777764453945 0.0001 17
1777764454841 0.0001 18
1777764455647 0.0001 19
1777764456976 0.0001 20
1777764457947 0.0001 21
1777764458689 0.0001 22
1777764459561 0.0001 23
1777764460571 0.0001 24
1777764461579 0.0001 25
1777764462451 0.0001 26
1777764463148 0.0001 27
1777764464082 5e-05 28
1777764464851 5e-05 29
1777764465575 5e-05 30
1777764466503 5e-05 31
1777764467296 5e-05 32
1777764468135 5e-05 33
1777764468842 2.5e-05 34
1777764470127 2.5e-05 35
1777764471672 2.5e-05 36
1777764476806 2.5e-05 37
1777764478168 2.5e-05 38
1777764479402 2.5e-05 39
1777764480836 1.25e-05 40
1777764481881 1.25e-05 41
1777764483257 1.25e-05 42
1777764437726 0.0001 0
