1777764483419 1.0 0
1777764483429 1.0 1
1777764483436 1.0 2
1777764483446 1.0 3
1777764483468 1.0 4
1777764483483 0.9914323450125915 5
1777764483494 0.9914323450125915 6
1777764483509 0.9914323450125915 7
1777764483521 0.9914323450125915 8
1777764483529 0.9914323450125915 9
1777764483541 0.987382195770629 10
1777764483555 0.9813353089891793 11
1777764483564 0.9774683240710776 12
1777764483574 0.9737721830066218 13
1777764483581 0.9708275906252721 14
1777764483590 0.9664981773917729 15
1777764483598 0.9613326149130257 16
1777764483610 0.9613326149130257 17
1777764483620 0.9613326149130257 18
1777764483630 0.9555929185222664 19
1777764483643 0.94375869619856 20
1777764483656 0.94375869619856 21
1777764483663 0.9406227258465395 22
1777764483673 0.9377988740732953 23
1777764483679 0.933807863088364 24
1777764483688 0.933807863088364 25
1777764483696 0.9278661109860812 26
1777764483706 0.918771139873477 27
1777764483715 0.918771139873477 28
1777764483726 0.918771139873477 29
1777764483733 0.918771139873477 30
1777764483739 0.918771139873477 31
1777764483751 0.9151398866188194 32
1777764483762 0.9151398866188194 33
1777764483770 0.9151398866188194 34
1777764483777 0.9109583190278985 35
1777764483784 0.8958550652738512 36
1777764483792 0.8958550652738512 37
1777764483798 0.8958550652738512 38
1777764483806 0.8911256474407098 39
1777764483812 0.8847091465528145 40
1777764483823 0.8720239904196023 41
1777764483829 0.8628435973801752 42
1777764483837 0.8576271102912066 43
1777764483844 0.8542513014523371 44
1777764483850 0.8509067044713451 45
1777764483862 0.8473017348864792 46
1777764483873 0.8473017348864792 47
1777764483879 0.8373106549069147 48
1777764483892 0.8327471527393333 49
1777764483898 0.8223774236418324 50
1777764483907 0.8200077865371758 51
1777764483915 0.8059903768913975 52
1777764483928 0.7973159444954603 53
1777764483934 0.7923343677052549 54
1777764483940 0.7828213219700267 55
1777764483947 0.7687390245144503 56
1777764483954 0.7607142915811763 57
1777764483962 0.7509901551229337 58
1777764483973 0.738507876065926 59
1777764483979 0.7194711068546168 60
1777764483988 0.7020548901589012 61
1777764483996 0.697056886075076 62
1777764484007 0.6916933747082102 63
1777764484013 0.6879142758109744 64
1777764484026 0.6752775801939406 65
1777764484032 0.6525233144364699 66
1777764484046 0.6462365891681712 67
1777764484055 0.6323234928368786 68
1777764484062 0.6143931018508632 69
1777764484070 0.6082525794957806 70
1777764484076 0.5964963868167683 71
1777764484082 0.587079440749216 72
1777764484093 0.5519554228960333 73
1777764484098 0.5306032266490128 74
1777764484107 0.5090005141742903 75
1777764484113 0.4632776064776104 76
1777764484118 0.4382654092120977 77
1777764484124 0.4265921743658654 78
1777764484134 0.39571050508999694 79
1777764484141 0.36698656083108966 80
1777764484147 0.3437649385701355 81
1777764484153 0.31020069224615315 82
1777764484160 0.294670328857991 83
1777764484173 0.2707858652994778 84
1777764484181 0.24330875262631357 85
1777764484188 0.22130685691662985 86
1777764484195 0.18727525408916407 87
1777764484206 0.13583236275406863 88
1777764484212 0.10407101190485969 89
1777764484218 0.08020461836932827 90
1777764484227 0.04527197848681627 91
1777764484237 0.03278066441831775 92
1777764484245 0.01173812265603054 93
1777764484254 0.008058408885194573 94
1777764484261 0.005578708913285245 95
1777764484271 0.0021174781475926624 96
1777764484280 0.0 97
1777764484292 0.0 98
1777764484302 0.0 99
1777764484312 0.0 100
1777764483419 1.0 0
