1777764483419 0.6435643564356436 0
1777764483429 0.6441189142610944 1
1777764483436 0.6594618438464932 2
1777764483446 0.6710053859964094 3
1777764483468 0.678928247048138 4
1777764483483 0.6865464632454924 5
1777764483494 0.6965290806754222 6
1777764483509 0.7105263157894737 7
1777764483521 0.720873786407767 8
1777764483529 0.7279411764705882 9
1777764483541 0.7326732673267327 10
1777764483555 0.7335329341317365 11
1777764483564 0.7361809045226131 12
1777764483574 0.7370015143866734 13
1777764483581 0.739329268292683 14
1777764483590 0.7394186639469659 15
1777764483598 0.7436953165208441 16
1777764483610 0.7471561530506722 17
1777764483620 0.7506493506493507 18
1777764483630 0.748565466875326 19
1777764483643 0.7457983193277311 20
1777764483656 0.7485503426462836 21
1777764483663 0.749073583906829 22
1777764483673 0.75 23
1777764483679 0.7509353287012293 24
1777764483688 0.7541599570585078 25
1777764483696 0.7516163793103449 26
1777764483706 0.7490535424553812 27
1777764483715 0.7523085279739272 28
1777764483726 0.7543572984749455 29
1777764483733 0.7543572984749455 30
1777764483739 0.7576586433260394 31
1777764483751 0.7607497243660419 32
1777764483762 0.7632743362831859 33
1777764483770 0.7641196013289037 34
1777764483777 0.7647385984427141 35
1777764483784 0.761478163493841 36
1777764483792 0.7644744238336144 37
1777764483798 0.7666290868094702 38
1777764483806 0.7677053824362606 39
1777764483812 0.765509391007399 40
1777764483823 0.76 41
1777764483829 0.7561817136285222 42
1777764483837 0.7525951557093425 43
1777764483844 0.7562536358347877 44
1777764483850 0.7559836544074723 45
1777764483862 0.7552693208430913 46
1777764483873 0.7574867880211391 47
1777764483879 0.7539917208752218 48
1777764483892 0.7550535077288941 49
1777764483898 0.7523980815347722 50
1777764483907 0.7530120481927711 51
1777764483915 0.7459066100667071 52
1777764483928 0.7390510948905109 53
1777764483934 0.7379056950398041 54
1777764483940 0.7335788827501535 55
1777764483947 0.7257566399011736 56
1777764483954 0.7209446861404599 57
1777764483962 0.7174185463659147 58
1777764483973 0.7133838383838383 59
1777764483979 0.7033736473583705 60
1777764483988 0.6927517639512508 61
1777764483996 0.6907682375726275 62
1777764484007 0.6878650227125244 63
1777764484013 0.6890920966688439 64
1777764484026 0.684660961158657 65
1777764484032 0.6677740863787376 66
1777764484046 0.6646626586506346 67
1777764484055 0.6561238223418573 68
1777764484062 0.6406779661016949 69
1777764484070 0.6364874063989108 70
1777764484076 0.6292984869325997 71
1777764484082 0.6224066390041494 72
1777764484093 0.5944055944055944 73
1777764484098 0.57475317348378 74
1777764484107 0.5599144079885877 75
1777764484113 0.5191059841384282 76
1777764484118 0.4941860465116279 77
1777764484124 0.48280907095830283 78
1777764484134 0.45353982300884954 79
1777764484141 0.4206999255398362 80
1777764484147 0.3944402704733283 81
1777764484153 0.36363636363636365 82
1777764484160 0.3465346534653465 83
1777764484173 0.32542113323124044 84
1777764484181 0.2979876160990712 85
1777764484188 0.26953125 86
1777764484195 0.23264984227129337 87
1777764484206 0.1721377101681345 88
1777764484212 0.13349514563106796 89
1777764484218 0.10220768601798855 90
1777764484227 0.057755775577557754 91
1777764484237 0.04552980132450331 92
1777764484245 0.01665278934221482 93
1777764484254 0.012510425354462052 94
1777764484261 0.008347245409015025 95
1777764484271 0.004177109440267335 96
1777764484280 0.0 97
1777764484292 0.0 98
1777764484302 0.0 99
1777764484312 0.0 100
1777764483419 0.6435643564356436 0
