1777764483419 0.0 0
1777764483429 0.01 1
1777764483436 0.02 2
1777764483446 0.03 3
1777764483468 0.04 4
1777764483483 0.05 5
1777764483494 0.06 6
1777764483509 0.07 7
1777764483521 0.08 8
1777764483529 0.09 9
1777764483541 0.1 10
1777764483555 0.11 11
1777764483564 0.12 12
1777764483574 0.13 13
1777764483581 0.14 14
1777764483590 0.15 15
1777764483598 0.16 16
1777764483610 0.17 17
1777764483620 0.18 18
1777764483630 0.19 19
1777764483643 0.2 20
1777764483656 0.21 21
1777764483663 0.22 22
1777764483673 0.23 23
1777764483679 0.24 24
1777764483688 0.25 25
1777764483696 0.26 26
1777764483706 0.27 27
1777764483715 0.28 28
1777764483726 0.29 29
1777764483733 0.3 30
1777764483739 0.31 31
1777764483751 0.32 32
1777764483762 0.33 33
1777764483770 0.34 34
1777764483777 0.35000000000000003 35
1777764483784 0.36 36
1777764483792 0.37 37
1777764483798 0.38 38
1777764483806 0.39 39
1777764483812 0.4 40
1777764483823 0.41000000000000003 41
1777764483829 0.42 42
1777764483837 0.43 43
1777764483844 0.44 44
1777764483850 0.45 45
1777764483862 0.46 46
1777764483873 0.47000000000000003 47
1777764483879 0.48 48
1777764483892 0.49 49
1777764483898 0.5 50
1777764483907 0.51 51
1777764483915 0.52 52
1777764483928 0.53 53
1777764483934 0.54 54
1777764483940 0.55 55
1777764483947 0.56 56
1777764483954 0.5700000000000001 57
1777764483962 0.58 58
1777764483973 0.59 59
1777764483979 0.6 60
1777764483988 0.61 61
1777764483996 0.62 62
1777764484007 0.63 63
1777764484013 0.64 64
1777764484026 0.65 65
1777764484032 0.66 66
1777764484046 0.67 67
1777764484055 0.68 68
1777764484062 0.6900000000000001 69
1777764484070 0.7000000000000001 70
1777764484076 0.71 71
1777764484082 0.72 72
1777764484093 0.73 73
1777764484098 0.74 74
1777764484107 0.75 75
1777764484113 0.76 76
1777764484118 0.77 77
1777764484124 0.78 78
1777764484134 0.79 79
1777764484141 0.8 80
1777764484147 0.81 81
1777764484153 0.8200000000000001 82
1777764484160 0.8300000000000001 83
1777764484173 0.84 84
1777764484181 0.85 85
1777764484188 0.86 86
1777764484195 0.87 87
1777764484206 0.88 88
1777764484212 0.89 89
1777764484218 0.9 90
1777764484227 0.91 91
1777764484237 0.92 92
1777764484245 0.93 93
1777764484254 0.9400000000000001 94
1777764484261 0.9500000000000001 95
1777764484271 0.96 96
1777764484280 0.97 97
1777764484292 0.98 98
1777764484302 0.99 99
1777764484312 1.0 100
1777764483419 0.0 0
