1777764483419 0.2653061224489796 0
1777764483429 0.2657777777777778 1
1777764483436 0.2791783380018674 2
1777764483446 0.28972868217054265 3
1777764483468 0.29721669980119286 4
1777764483483 0.30713547052740436 5
1777764483494 0.3173076923076923 6
1777764483509 0.33221476510067116 7
1777764483521 0.34375 8
1777764483529 0.3518957345971564 9
1777764483541 0.3592233009708738 10
1777764483555 0.36386138613861385 11
1777764483564 0.3690176322418136 12
1777764483574 0.3719745222929936 13
1777764483581 0.37694300518134716 14
1777764483590 0.3790849673202614 15
1777764483598 0.3868808567603748 16
1777764483610 0.3915989159891599 17
1777764483620 0.39643347050754457 18
1777764483630 0.39805825242718446 19
1777764483643 0.4011299435028249 20
1777764483656 0.4051355206847361 21
1777764483663 0.4083694083694084 22
1777764483673 0.41228070175438597 23
1777764483679 0.4162962962962963 24
1777764483688 0.42128935532233885 25
1777764483696 0.42272727272727273 26
1777764483706 0.4241960183767228 27
1777764483715 0.4294573643410853 28
1777764483726 0.4328125 29
1777764483733 0.4328125 30
1777764483739 0.43829113924050633 31
1777764483751 0.44660194174757284 32
1777764483762 0.45098039215686275 33
1777764483770 0.4524590163934426 34
1777764483777 0.4568106312292359 35
1777764483784 0.4610169491525424 36
1777764483792 0.4665523156089194 37
1777764483798 0.47058823529411764 38
1777764483806 0.47627416520210897 39
1777764483812 0.47950089126559714 40
1777764483823 0.48014440433212996 41
1777764483829 0.4843462246777164 42
1777764483837 0.4851301115241636 43
1777764483844 0.497131931166348 44
1777764483850 0.5009671179883946 45
1777764483862 0.50390625 46
1777764483873 0.5088757396449705 47
1777764483879 0.5151515151515151 48
1777764483892 0.522633744855967 49
1777764483898 0.5317796610169492 50
1777764483907 0.5387931034482759 51
1777764483915 0.543046357615894 52
1777764483928 0.5424107142857143 53
1777764483934 0.551487414187643 54
1777764483940 0.5519630484988453 55
1777764483947 0.5555555555555556 56
1777764483954 0.5617433414043583 57
1777764483962 0.5725 58
1777764483973 0.5824742268041238 59
1777764483979 0.5893333333333334 60
1777764483988 0.5950413223140496 61
1777764483996 0.6062322946175638 62
1777764484007 0.6144927536231884 63
1777764484013 0.6298507462686567 64
1777764484026 0.6439628482972136 65
1777764484032 0.6504854368932039 66
1777764484046 0.6611295681063123 67
1777764484055 0.6724137931034483 68
1777764484062 0.6774193548387096 69
1777764484070 0.684981684981685 70
1777764484076 0.7093023255813954 71
1777764484082 0.72 72
1777764484093 0.7264957264957265 73
1777764484098 0.7342342342342343 74
1777764484107 0.7621359223300971 75
1777764484113 0.7539267015706806 76
1777764484118 0.7555555555555555 77
1777764484124 0.7719298245614035 78
1777764484134 0.76875 79
1777764484141 0.7687074829931972 80
1777764484147 0.7777777777777778 81
1777764484153 0.7741935483870968 82
1777764484160 0.7777777777777778 83
1777764484173 0.7727272727272727 84
1777764484181 0.8020833333333334 85
1777764484188 0.8214285714285714 86
1777764484195 0.8194444444444444 87
1777764484206 0.8113207547169812 88
1777764484212 0.825 89
1777764484218 0.9259259259259259 90
1777764484227 0.875 91
1777764484237 0.9166666666666666 92
1777764484245 0.8 93
1777764484254 1.0 94
1777764484261 1.0 95
1777764484271 1.0 96
1777764484280 0.0 97
1777764484292 0.0 98
1777764484302 0.0 99
1777764484312 0.0 100
1777764483419 0.2653061224489796 0
