1777764483419 1.0 0
1777764483429 1.0 1
1777764483436 1.0 2
1777764483446 1.0 3
1777764483468 1.0 4
1777764483483 0.9933110367892977 5
1777764483494 0.9933110367892977 6
1777764483509 0.9933110367892977 7
1777764483521 0.9933110367892977 8
1777764483529 0.9933110367892977 9
1777764483541 0.9899665551839465 10
1777764483555 0.9832775919732442 11
1777764483564 0.979933110367893 12
1777764483574 0.9765886287625418 13
1777764483581 0.9732441471571907 14
1777764483590 0.9698996655518395 15
1777764483598 0.9665551839464883 16
1777764483610 0.9665551839464883 17
1777764483620 0.9665551839464883 18
1777764483630 0.959866220735786 19
1777764483643 0.9498327759197325 20
1777764483656 0.9498327759197325 21
1777764483663 0.9464882943143813 22
1777764483673 0.9431438127090301 23
1777764483679 0.939799331103679 24
1777764483688 0.939799331103679 25
1777764483696 0.9331103678929766 26
1777764483706 0.9264214046822743 27
1777764483715 0.9264214046822743 28
1777764483726 0.9264214046822743 29
1777764483733 0.9264214046822743 30
1777764483739 0.9264214046822743 31
1777764483751 0.9230769230769231 32
1777764483762 0.9230769230769231 33
1777764483770 0.9230769230769231 34
1777764483777 0.919732441471572 35
1777764483784 0.9096989966555183 36
1777764483792 0.9096989966555183 37
1777764483798 0.9096989966555183 38
1777764483806 0.9063545150501672 39
1777764483812 0.8996655518394648 40
1777764483823 0.8896321070234113 41
1777764483829 0.8795986622073578 42
1777764483837 0.8729096989966555 43
1777764483844 0.8695652173913043 44
1777764483850 0.8662207357859532 45
1777764483862 0.862876254180602 46
1777764483873 0.862876254180602 47
1777764483879 0.8528428093645485 48
1777764483892 0.8494983277591973 49
1777764483898 0.8394648829431438 50
1777764483907 0.8361204013377926 51
1777764483915 0.822742474916388 52
1777764483928 0.8127090301003345 53
1777764483934 0.8060200668896321 54
1777764483940 0.7993311036789298 55
1777764483947 0.7859531772575251 56
1777764483954 0.7759197324414716 57
1777764483962 0.7658862876254181 58
1777764483973 0.7558528428093646 59
1777764483979 0.7391304347826086 60
1777764483988 0.7224080267558528 61
1777764483996 0.7157190635451505 62
1777764484007 0.7090301003344481 63
1777764484013 0.705685618729097 64
1777764484026 0.6956521739130435 65
1777764484032 0.6722408026755853 66
1777764484046 0.6655518394648829 67
1777764484055 0.6521739130434783 68
1777764484062 0.6321070234113713 69
1777764484070 0.6254180602006689 70
1777764484076 0.6120401337792643 71
1777764484082 0.6020066889632107 72
1777764484093 0.568561872909699 73
1777764484098 0.5451505016722408 74
1777764484107 0.5250836120401338 75
1777764484113 0.4816053511705686 76
1777764484118 0.45484949832775917 77
1777764484124 0.4414715719063545 78
1777764484134 0.411371237458194 79
1777764484141 0.3779264214046823 80
1777764484147 0.3511705685618729 81
1777764484153 0.3210702341137124 82
1777764484160 0.30434782608695654 83
1777764484173 0.2842809364548495 84
1777764484181 0.25752508361204013 85
1777764484188 0.23076923076923078 86
1777764484195 0.19732441471571907 87
1777764484206 0.14381270903010032 88
1777764484212 0.11036789297658862 89
1777764484218 0.08361204013377926 90
1777764484227 0.046822742474916385 91
1777764484237 0.03678929765886288 92
1777764484245 0.013377926421404682 93
1777764484254 0.010033444816053512 94
1777764484261 0.006688963210702341 95
1777764484271 0.0033444816053511705 96
1777764484280 0.0 97
1777764484292 0.0 98
1777764484302 0.0 99
1777764484312 0.0 100
1777764483419 1.0 0
