1777764682698 0.0001 0
1777764683900 0.0001 1
1777764686286 0.0001 2
1777764687426 0.0001 3
1777764688553 0.0001 4
1777764689525 0.0001 5
1777764690438 0.0001 6
1777764691617 0.0001 7
1777764692345 0.0001 8
1777764693374 0.0001 9
1777764694076 0.0001 10
1777764694856 0.0001 11
1777764696049 0.0001 12
1777764697050 0.0001 13
1777764698144 0.0001 14
1777764698986 0.0001 15
1777764700560 0.0001 16
1777764701867 0.0001 17
1777764703547 0.0001 18
1777764704460 0.0001 19
1777764705641 0.0001 20
1777764706773 0.0001 21
1777764708096 0.0001 22
1777764709721 0.0001 23
1777764710524 0.0001 24
1777764711436 0.0001 25
1777764713313 0.0001 26
1777764714784 0.0001 27
1777764715836 5e-05 28
1777764717399 5e-05 29
1777764718261 5e-05 30
1777764719587 5e-05 31
1777764720323 5e-05 32
1777764721027 5e-05 33
1777764721871 2.5e-05 34
1777764722557 2.5e-05 35
1777764723230 2.5e-05 36
1777764724066 2.5e-05 37
1777764724788 2.5e-05 38
1777764725481 2.5e-05 39
1777764726381 1.25e-05 40
1777764727072 1.25e-05 41
1777764727623 1.25e-05 42
1777764682698 0.0001 0
